timestamps:
  login: 1379121989202
  logout: 1379127205101
ipAddress: 76.21.113.54
geolocation: United States
logoutlocation:
  world: revengeofthelords
  x: -325.7807815205154
  y: 71.0
  z: 424.41486572891404
  yaw: -164.56519
  pitch: -2.1000144
mail:
- 'robotronx: 7pm, we will be on tonite (Monday August 26)'
lastlocation:
  world: revengeofthelords
  x: -491.0
  y: 69.0
  z: 517.0
  yaw: 0.0
  pitch: 0.0
afk: false
