timestamps:
  login: 1377458994758
  logout: 1377459015472
ipAddress: 76.21.113.54
geolocation: United States
logoutlocation:
  world: dreadfort
  x: 4331.5
  y: 97.0
  z: -9089.5
  yaw: 215.85005
  pitch: 45.300007
mail:
- 'robotronx: 7pm, we will be on tonite (Monday August 26)'
