geolocation: United States
timestamps:
  login: 1378796680882
  lastteleport: 1378771212588
  logout: 1378796703909
ipAddress: 24.4.171.10
lastlocation:
  world: revengeofthelords
  x: -411.69999998807907
  y: 65.0
  z: 256.73340069424574
  yaw: 276.61823
  pitch: 6.899962
nickname: §c§lAripuppy
money: '100'
logoutlocation:
  world: revengeofthelords
  x: -399.57877508167
  y: 68.0
  z: 299.7776836278364
  yaw: -181.3318
  pitch: 33.299957
