geolocation: United States
timestamps:
  login: 1379033875639
  lastteleport: 1378854672754
  logout: 1379033876806
ipAddress: 24.4.171.10
lastlocation:
  world: Olympus
  x: -12.713422374937476
  y: 102.0
  z: 229.64763622438645
  yaw: -202.9493
  pitch: -8.700026
nickname: §8N§0i§8n§0j§8a
money: '100'
logoutlocation:
  world: revengeofthelords
  x: 633.1267085432779
  y: 49.0
  z: 67.74782683316839
  yaw: 18.772821
  pitch: 36.750004
