timestamps:
  login: 1379772332989
  logout: 1379773997275
  lastteleport: 1379772367096
  jail: 0
ipAddress: 76.21.113.54
lastlocation:
  world: battlezone
  x: 903.0061215695173
  y: 16.247282522126305
  z: -859.850687440724
  yaw: 101.66529
  pitch: 43.049984
logoutlocation:
  world: tunnelers
  x: -10.121779874887153
  y: 260.9038213436773
  z: -12.311773669659647
  yaw: 254.69876
  pitch: 30.300003
money: '2951'
afk: false
nickname: §a§lSkillrex
jailed: false
geolocation: United States
