timestamps:
  login: 1379271126298
  logout: 1379272391324
  lastteleport: 1379271585993
  jail: 0
ipAddress: 76.21.113.54
lastlocation:
  world: revengeofthelords
  x: -173.06229223322464
  y: 112.80620585787564
  z: 186.11941540218004
  yaw: 75.16342
  pitch: 46.04997
logoutlocation:
  world: Herobrines
  x: -126.96190058626235
  y: 104.10015185312416
  z: 263.552184614102
  yaw: 4.6488647
  pitch: 30.299995
money: '2951'
afk: false
nickname: §a§lSkillrex
jailed: false
geolocation: United States
