geolocation: United States
timestamps:
  login: 1378556354389
  logout: 1378556767241
ipAddress: 69.180.140.75
lastlocation:
  world: revengeofthelords
  x: -396.2706216664361
  y: 84.10538386553804
  z: 444.43318560643837
  yaw: -147.72546
  pitch: -3.8192213
logoutlocation:
  world: revengeofthelords
  x: -514.7773207703302
  y: 64.0
  z: 643.8226300123908
  yaw: 44.330616
  pitch: 4.7804375
