geolocation: United States
timestamps:
  login: 1380120221266
  logout: 1380120270507
ipAddress: 69.180.140.75
lastlocation:
  world: revengeofthelords
  x: -396.2706216664361
  y: 84.10538386553804
  z: 444.43318560643837
  yaw: -147.72546
  pitch: -3.8192213
logoutlocation:
  world: revengeofthelords_the_end
  x: 101.15419600799825
  y: 49.0
  z: -0.6310063418474083
  yaw: -121.79818
  pitch: -49.63847
