geolocation: United States
timestamps:
  login: 1380028645418
  logout: 1380028719419
ipAddress: 69.180.140.75
lastlocation:
  world: revengeofthelords
  x: -396.2706216664361
  y: 84.10538386553804
  z: 444.43318560643837
  yaw: -147.72546
  pitch: -3.8192213
logoutlocation:
  world: revengeofthelords_the_end
  x: 102.4058008313859
  y: 49.0
  z: 2.678243418143781
  yaw: 244.87497
  pitch: 90.0
