timestamps:
  login: 1377718330246
  logout: 1377718362656
  lastteleport: 1377718155613
  jail: 0
ipAddress: 98.161.62.129
geolocation: United States
lastlocation:
  world: revengeofthelords
  x: -427.8228730621137
  y: 68.0
  z: 256.04131559316636
  yaw: -276.58313
  pitch: -17.849989
logoutlocation:
  world: revengeofthelords
  x: -376.560454839974
  y: 67.0
  z: 323.1830261846151
  yaw: -13.482516
  pitch: 17.99999
money: '110'
jailed: false
nickname: KAI
homes:
  home:
    world: revengeofthelords
    x: -1280.2359847826979
    y: 68.0
    z: 288.522050700767
    yaw: -206.54205
    pitch: 28.049984
ban:
  reason: Temporarily banned from server for 59 seconds.
  timeout: 0
