timestamps:
  login: 1379124970767
  logout: 1379125227602
  lastteleport: 1379125154321
ipAddress: 76.218.104.96
geolocation: United States
lastlocation:
  world: revengeofthelords
  x: -391.7665569666333
  y: 63.0
  z: 393.62239062315405
  yaw: 78.13862
  pitch: -7.8000293
logoutlocation:
  world: revengeofthelords
  x: -433.2833482844567
  y: 83.5787805357418
  z: 408.0442960031753
  yaw: -219.46141
  pitch: 38.84998
money: '1166'
