timestamps:
  login: 1379884536162
  logout: 1379884572255
  lastteleport: 1379882633604
ipAddress: 76.218.104.96
geolocation: United States
lastlocation:
  world: revengeofthelords
  x: -418.4946594921517
  y: 66.0
  z: 251.300000011921
  yaw: 358.81717
  pitch: 4.64996
logoutlocation:
  world: kingslanding
  x: 3251.851376105774
  y: 149.16555212721738
  z: 13348.405606567236
  yaw: -76.35034
  pitch: 22.199999
money: '1166'
