timestamps:
  login: 1378683261575
  lastteleport: 1378683506169
  logout: 1378683579550
  mute: 1378683961568
ipAddress: 66.41.140.47
geolocation: United States
lastlocation:
  world: revengeofthelords
  x: -375.6975519949678
  y: 57.0
  z: 233.009072155272
  yaw: -333.2829
  pitch: 3.1499996
logoutlocation:
  world: revengeofthelords
  x: -408.1782019542649
  y: 64.0
  z: 257.46872952958245
  yaw: -98.982895
  pitch: 0.60001695
nickname: §4§lAwesomenss
godmode: false
afk: false
homes:
  home:
    world: dreadfort
    x: 4633.294346907197
    y: 4.626361952253562
    z: -7235.996195823336
    yaw: -2.8591475
    pitch: 34.649967
muted: true
