timestamps:
  login: 1378950526741
  lastteleport: 1378950581169
  logout: 1378951283206
  mute: 0
ipAddress: 66.41.140.47
geolocation: United States
lastlocation:
  world: revengeofthelords
  x: 396.5134373811586
  y: 88.63204264739785
  z: 262.70674526548686
  yaw: -316.9328
  pitch: 28.800001
logoutlocation:
  world: revengeofthelords
  x: -527.6475294977427
  y: 70.41487188293567
  z: 197.30000001192087
  yaw: -174.88284
  pitch: -0.6000006
nickname: §4§lAwesomenss
godmode: false
afk: false
homes:
  home:
    world: dreadfort
    x: 4633.294346907197
    y: 4.626361952253562
    z: -7235.996195823336
    yaw: -2.8591475
    pitch: 34.649967
muted: false
