timestamps:
  login: 1378660852068
  lastteleport: 1378661218318
  logout: 1378661219467
ipAddress: 24.118.145.116
geolocation: United States
lastlocation:
  world: revengeofthelords
  x: -417.04249606537235
  y: 66.0
  z: 231.50488372427665
  yaw: 174.31718
  pitch: 17.849977
logoutlocation:
  world: revengeofthelords
  x: -392.6985253224848
  y: 68.0
  z: 258.92518696233753
  yaw: -176.68286
  pitch: 42.000034
nickname: §4§lAwesomenss
godmode: false
afk: false
homes:
  home:
    world: dreadfort
    x: 4633.294346907197
    y: 4.626361952253562
    z: -7235.996195823336
    yaw: -2.8591475
    pitch: 34.649967
