timestamps:
  login: 1379257861530
  lastteleport: 1379258525536
  logout: 1379258803863
  mute: 0
ipAddress: 66.41.140.47
geolocation: United States
lastlocation:
  world: revengeofthelords
  x: -379.2825313441233
  y: 124.13834221353275
  z: -50.588493865509406
  yaw: -7.18042
  pitch: 46.650005
logoutlocation:
  world: revengeofthelords
  x: -414.2406548361331
  y: 87.04391789363233
  z: 195.7552295674166
  yaw: -217.33179
  pitch: 47.55
nickname: §4§lAwesomenss
godmode: false
afk: false
homes:
  home:
    world: dreadfort
    x: 4633.294346907197
    y: 4.626361952253562
    z: -7235.996195823336
    yaw: -2.8591475
    pitch: 34.649967
muted: false
