timestamps:
  login: 1379211985302
  logout: 1379211987402
ipAddress: 98.234.54.166
geolocation: United States
logoutlocation:
  world: revengeofthelords
  x: -423.42574747027805
  y: 66.0
  z: 253.16848659665243
  yaw: 211.217
  pitch: 24.750025
mail:
- 'robotronx: 7pm, we will be on tonite (Monday August 26)'
lastlocation:
  world: revengeofthelords
  x: -491.0
  y: 69.0
  z: 517.0
  yaw: 0.0
  pitch: 0.0
