timestamps:
  login: 1377458848275
  logout: 1377459248631
ipAddress: 67.180.74.58
geolocation: United States
logoutlocation:
  world: dreadfort
  x: 4305.348631992228
  y: 61.0
  z: -9175.644675586153
  yaw: 358.86758
  pitch: -20.045528
mail:
- 'robotronx: 7pm, we will be on tonite (Monday August 26)'
