timestamps:
  login: 1378003199407
  logout: 1378003665532
ipAddress: 98.207.87.55
geolocation: United States
lastlocation:
  world: revengeofthelords
  x: -491.0
  y: 62.82599987983686
  z: 517.0
  yaw: -28.8
  pitch: -16.499998
logoutlocation:
  world: revengeofthelords
  x: -557.0452715163608
  y: 86.73935596545437
  z: 529.5627664072279
  yaw: -291.58234
  pitch: 17.549953
