world: CastleLividus
x: 246.07499998807907
y: 99.0
z: 372.69999998807907
yaw: -278.1004
pitch: 18.449995
name: balloon
