world: CastleLividus
x: 178.45738798540916
y: 64.0
z: 202.0291336985063
yaw: -66.47217
pitch: 21.503523
name: castle
