world: CastleLividus
x: 200.5
y: 64.0
z: 245.5
yaw: -175.95082
pitch: 12.599997
name: classicspawn
