world: CastleLividus
x: 272.8429238559093
y: 113.0
z: 225.67153341513026
yaw: -283.35046
pitch: 9.450007
name: dirigible
