world: battlezone
x: 358.52121305883986
y: 88.5
z: -366.47135658804433
yaw: 247.58984
pitch: 87.0
name: escape2
