world: battlezone
x: 358.3852376097703
y: 6.0
z: -366.27987565150283
yaw: -206.31656
pitch: 15.750009
name: escape
