world: revengeofthelords
x: -441.5093914826068
y: 63.0
z: 509.9376755753107
yaw: 193.21706
pitch: 8.250043
name: fortress
