world: revengeofthelords
x: -490.5
y: 69.0
z: 517.5
yaw: 146.85138
pitch: 24.150019
name: home
