world: Holodeck
x: -0.5
y: 107.0
z: 152.30000001192093
yaw: 20.926477
pitch: -64.35001
name: jack
