world: CastleLividus
x: 241.69999998807907
y: 93.0
z: 204.35725660455643
yaw: 72.02141
pitch: 16.550919
name: jail
