world: CastleLividus
x: 312.0612124724232
y: 64.0
z: 234.58462017783825
yaw: -337.94995
pitch: 27.45001
name: jail2
