world: CastleLividus
x: 242.51421902428493
y: 111.52072265267785
z: 200.84361835369515
yaw: -167.69995
pitch: 59.099987
name: lake
