world: Holodeck
x: 177.39979381190255
y: 67.16702703440265
z: 836.7445619156495
yaw: 50.99823
pitch: 29.24994
name: lavabed
