world: CastleLividus
x: 266.2025719980672
y: 70.0
z: 891.9607923859139
yaw: -238.79965
pitch: 12.7500925
name: oldcastle
