world: CastleLividus
x: 69.7349947610603
y: 81.0
z: 1001.2515950380155
yaw: -180.59949
pitch: 13.500111
name: oldtower
