world: CastleLividus
x: 245.5
y: 110.0
z: 203.5
yaw: -332.54977
pitch: 12.299983
name: overlookspawn
