world: Holodeck
x: -84.724247284522
y: 116.0
z: 186.31229012413573
yaw: -0.14990497
pitch: 43.95001
name: plaza
