world: revengeofthelords
x: -617.8269422262213
y: 83.00305956663706
z: -288.5925985832456
yaw: 88.95096
pitch: 18.000067
name: skyworld
