world: CastleLividus
x: 308.99035159407237
y: 31.0
z: 268.73281352073695
yaw: -186.20311
pitch: 12.69513
name: themines
