world: CastleLividus
x: 153.30000001192093
y: 68.1726876493719
z: 203.6122261795067
yaw: -244.34982
pitch: 5.40001
name: throneroom
