world: Holodeck
x: -84.78802017867304
y: 117.0
z: 167.856372516344
yaw: 181.80006
pitch: 16.950008
name: throne
