world: CastleLividus
x: 447.5404230124833
y: 75.0
z: 473.63701173146933
yaw: 0.59869385
pitch: 78.15
name: treehouse
