world: CastleLividus
x: 241.1506999983678
y: 99.5
z: 307.3000000119209
yaw: -167.10352
pitch: 21.149942
name: watchtower
